AVERAGE	BEST
0.002682	0.043354
0.015812	0.469600
0.034555	0.469600
0.065632	0.469600
0.104984	0.469600
0.127502	0.509759
0.146770	0.509759
0.219467	0.509759
0.243108	0.516808
0.236081	0.516808
0.205308	0.559130
0.227163	0.559130
0.219333	0.559130
0.205828	0.574163
0.222697	0.563316
0.238465	0.563488
0.214178	0.563488
0.240186	0.563488
0.233952	0.563488
0.263170	0.571991
0.262127	0.571991
0.246774	0.571991
0.250155	0.571991
0.199416	0.571991
0.248736	0.571991
0.221553	0.571991
0.233511	0.573915
0.280133	0.576101
0.218616	0.576101
0.246526	0.576101
0.241359	0.576101
0.215047	0.576101
0.233934	0.577449
0.227059	0.577449
0.227840	0.577449
0.237572	0.583815
0.249278	0.583815
0.247158	0.583815
0.251664	0.583815
0.222170	0.583815
0.215625	0.584427
0.267788	0.584427
0.188195	0.583815
0.233825	0.583815
0.223349	0.583815
0.312129	0.583815
0.240481	0.585204
0.320001	0.585204
0.256845	0.585204
0.256812	0.585204
0.248259	0.585315
0.260523	0.585204
0.212878	0.585204
0.227371	0.585204
0.216340	0.585204
0.233749	0.585204
0.195291	0.585204
0.214805	0.585204
0.252657	0.585204
0.217036	0.588022
0.205632	0.588022
0.227862	0.588022
0.236250	0.588022
0.209477	0.588022
0.215765	0.588022
0.255160	0.588022
0.179832	0.588022
0.195685	0.588022
0.235310	0.588022
0.212632	0.588022
0.228343	0.588022
0.239658	0.588022
0.203974	0.588022
0.187630	0.588022
0.250783	0.588022
0.222346	0.588022
0.194810	0.588022
0.236682	0.588022
0.263695	0.588022
0.207701	0.588022
0.259676	0.588022
0.263472	0.588022
0.218592	0.588022
0.240156	0.588022
0.217068	0.588022
0.266959	0.588173
0.257212	0.588173
0.257858	0.588173
0.203083	0.588173
0.250618	0.588537
0.269515	0.588537
0.247419	0.588537
0.240833	0.588537
0.294840	0.588537
0.237973	0.588537
0.251896	0.594989
0.259128	0.594989
0.208933	0.594989
0.220301	0.594989
0.257194	0.594989
0.261751	0.594989
0.260291	0.594989
0.257664	0.594989
0.282958	0.594989
0.246721	0.594989
0.256162	0.594989
0.234979	0.594989
0.229995	0.594989
0.207786	0.594989
0.217500	0.594989
0.218683	0.596396
0.260149	0.596396
0.254282	0.596396
0.301544	0.596396
0.259852	0.596396
0.263957	0.602116
0.169980	0.602116
0.216533	0.602116
0.194963	0.602116
0.185629	0.602116
0.285539	0.602116
0.222507	0.602116
0.253141	0.602116
0.245302	0.602116
0.246155	0.602116
0.292874	0.608356
0.276575	0.608356
0.249729	0.608356
0.182965	0.608356
0.220039	0.608356
0.223725	0.608356
0.247199	0.608356
0.282882	0.609182
0.232438	0.609182
0.267062	0.609182
0.207337	0.610098
0.275836	0.610098
0.235873	0.613512
0.270112	0.613512
0.280703	0.613512
0.207183	0.613512
0.215319	0.613512
0.230356	0.613512
0.260950	0.613512
0.310212	0.613512
0.301086	0.615395
0.314819	0.615395
0.280536	0.616911
0.241695	0.616911
0.273735	0.616911
0.260975	0.616911
0.255289	0.616911
0.247577	0.616911
0.227006	0.616911
0.247410	0.616911
0.279794	0.616911
0.268369	0.616911
0.232066	0.616911
0.231776	0.616911
0.245199	0.616911
0.246928	0.616911
0.287906	0.616911
0.266919	0.616911
0.212766	0.616911
0.284901	0.616911
0.269099	0.616911
0.223578	0.616911
0.227337	0.616911
0.270960	0.616911
0.285763	0.616911
0.220438	0.616911
0.246123	0.616911
0.237507	0.616911
0.230539	0.616911
0.269751	0.616911
0.241251	0.616911
0.281605	0.616911
0.285746	0.616911
0.302528	0.616911
0.271041	0.617363
0.270421	0.617363
0.260342	0.617363
0.199797	0.617363
0.254009	0.617363
0.225489	0.617363
0.238719	0.617363
0.252540	0.617363
0.270957	0.618980
0.260773	0.618980
0.245838	0.618980
0.243068	0.618980
0.292779	0.618980
0.232419	0.618980
0.294264	0.618980
0.267232	0.618980
0.278527	0.618980
0.225712	0.618980
0.267824	0.618980
0.267886	0.618980
0.213169	0.618980
0.253524	0.618980
0.259629	0.618980
0.254327	0.620345
0.251122	0.620345
0.286704	0.620345
0.200697	0.620345
0.309739	0.621219
0.220698	0.621588
0.252442	0.621588
0.267404	0.621219
0.244196	0.621918
0.240618	0.622837
0.261925	0.622837
0.250615	0.623742
0.301424	0.623742
0.237749	0.623742
0.220812	0.623742
0.301830	0.623742
0.248759	0.623742
0.238803	0.623742
0.259059	0.623742
0.236785	0.623742
0.206488	0.623742
0.261894	0.623742
0.264891	0.623742
0.242806	0.623742
0.284578	0.623742
0.192772	0.625562
0.224570	0.625562
0.231503	0.625562
0.264093	0.627061
0.230370	0.632069
0.274254	0.632069
0.328593	0.632069
0.262926	0.632069
0.254186	0.632069
0.211996	0.632069
0.261254	0.632069
0.248948	0.632069
0.178892	0.632069
0.220843	0.632069
0.278756	0.632069
0.240131	0.632069
0.280466	0.632069
0.213861	0.632069
0.258584	0.632069
0.240036	0.632069
0.209514	0.632069
0.262389	0.632069
0.274529	0.632069
0.247404	0.632069
0.260143	0.632069
0.220686	0.632069
0.230304	0.632069
0.256130	0.632069
0.260216	0.632069
0.238319	0.632775
0.243514	0.632775
0.237647	0.632775
0.237826	0.632775
0.271935	0.632775
0.309621	0.632775
0.280988	0.632775
0.242695	0.632775
0.299526	0.632775
0.237573	0.632775
0.304461	0.632775
0.274521	0.632775
0.268441	0.632775
0.220941	0.632775
0.225020	0.632775
0.226984	0.632775
0.267402	0.632775
0.224697	0.632775
0.254556	0.635519
0.287676	0.635519
0.292794	0.635519
0.244872	0.635519
0.254198	0.635519
0.235677	0.635519
0.208592	0.635519
0.305469	0.635757
0.286245	0.635757
0.254960	0.636255
0.290366	0.636255
0.244984	0.636255
0.301544	0.636255
0.204124	0.636255
0.249078	0.636255
0.282810	0.636255
0.276698	0.636386
0.244038	0.636386
0.292447	0.636386
0.289796	0.638561
0.297027	0.638561
0.286525	0.638561
0.237351	0.638561
0.288545	0.638561
0.266871	0.638561
0.267016	0.638697
0.244469	0.638697
0.275430	0.638697
0.271301	0.638697
0.226452	0.642026
0.242901	0.642617
0.248235	0.642617
0.271871	0.642617
0.207827	0.642617
0.245916	0.642617
0.214804	0.642617
0.238900	0.642617
0.279212	0.642617
0.267344	0.642617
0.299179	0.642617
0.291090	0.642617
0.259056	0.642617
0.230308	0.642617
0.237448	0.642617
0.248412	0.642848
0.224019	0.642848
0.235111	0.642848
0.255604	0.642848
0.261542	0.642848
0.251734	0.642848
0.262547	0.642848
0.246188	0.642848
0.294889	0.642848
0.236980	0.642848
0.248593	0.642848
0.254468	0.642848
0.256090	0.642848
0.286145	0.642848
0.228859	0.642848
0.292427	0.642848
0.270480	0.642848
0.289188	0.642848
0.255512	0.642848
0.294585	0.642848
0.263897	0.642848
0.276129	0.643815
0.278589	0.643815
0.228927	0.643815
0.252221	0.643815
0.258707	0.643815
0.258160	0.643815
0.213818	0.643815
0.265900	0.643815
0.254230	0.643815
0.233073	0.644250
0.270106	0.644250
0.234854	0.644250
0.225210	0.644250
0.244845	0.644250
0.231733	0.644250
0.277780	0.644250
0.247994	0.644250
0.253616	0.644250
0.293763	0.644250
0.282960	0.644250
0.275623	0.644250
0.202935	0.644250
0.294517	0.644250
0.284303	0.644250
0.198879	0.644250
0.253820	0.644250
0.237638	0.644250
0.232197	0.644250
0.260269	0.644250
0.272522	0.644250
0.292469	0.644250
0.326080	0.644250
0.260093	0.644250
0.287804	0.644250
0.232475	0.645279
0.225519	0.645279
0.264829	0.645279
0.247090	0.645279
0.245856	0.645279
0.272502	0.645279
0.253714	0.645522
0.218315	0.645522
0.253592	0.645522
0.262432	0.645522
0.283711	0.645522
0.258862	0.646745
0.251025	0.646745
0.272073	0.646745
0.238818	0.646745
0.246180	0.646745
0.297794	0.646745
0.271915	0.646745
0.252914	0.646745
0.253791	0.646745
0.280295	0.646745
0.259707	0.646745
0.234460	0.646745
0.284642	0.646745
0.239974	0.646745
0.253437	0.646745
0.293216	0.646745
0.288554	0.646745
0.239989	0.646745
0.238662	0.646745
0.189358	0.646745
0.292536	0.646745
0.278795	0.646745
0.217069	0.646745
0.261037	0.646745
0.284860	0.646745
0.295292	0.647666
0.256579	0.647666
0.281509	0.647666
0.316950	0.647666
0.275933	0.647666
0.239009	0.647666
0.278579	0.647842
0.193997	0.647666
0.252823	0.650193
0.280138	0.650193
0.259294	0.650193
0.325941	0.650193
0.271894	0.650193
0.262404	0.650193
0.228051	0.650193
0.292256	0.650193
0.291386	0.650193
0.297104	0.650193
0.302896	0.650193
0.251163	0.650193
0.262627	0.650193
0.196624	0.653583
0.273483	0.653583
0.181826	0.654697
0.246083	0.654697
0.216676	0.654697
0.225679	0.654697
0.261185	0.654697
0.243829	0.654697
0.269345	0.654697
0.252921	0.654697
0.308532	0.654697
0.287231	0.657004
0.291878	0.657004
0.286434	0.657004
0.254453	0.657004
0.229574	0.657004
0.299448	0.657004
0.267317	0.657004
0.276556	0.657004
0.250380	0.657004
0.275264	0.657004
0.287876	0.657004
0.226816	0.657004
0.206644	0.657004
0.270885	0.657004
0.234706	0.657300
0.291642	0.657300
0.284586	0.657300
0.229759	0.657300
0.277273	0.657300
0.247978	0.657300
0.272828	0.657300
0.253944	0.657300
0.248228	0.658066
0.264853	0.658066
0.245193	0.658066
0.270604	0.658066
0.219044	0.658066
0.268092	0.658066
0.246736	0.658066
0.304617	0.658149
0.260995	0.658149
0.233178	0.658149
0.234672	0.658338
0.291589	0.658338
0.230731	0.658338
0.273438	0.659375
0.231014	0.659375
0.272718	0.659375
0.277973	0.659375
0.312744	0.659375
0.291503	0.659375
0.263591	0.659375
0.265058	0.659375
0.323698	0.659375
0.187736	0.659375
0.293271	0.659375
0.272167	0.659375
0.299655	0.659375
0.267600	0.659375
0.293306	0.659375
0.266081	0.659375
0.272855	0.659375
0.289867	0.659375
0.300661	0.659375
0.280417	0.659375
0.256519	0.659382
0.322673	0.661304
0.279907	0.661304
0.280077	0.661304
0.267451	0.661304
0.260114	0.662033
0.277807	0.662033
0.210880	0.662033
0.313924	0.662444
0.285909	0.662444
0.233001	0.662444
0.276587	0.662444
0.288477	0.662677
0.257576	0.662677
0.259243	0.663076
0.296077	0.663076
0.233236	0.663076
0.248028	0.663076
0.250228	0.663076
0.276876	0.663076
0.257989	0.663076
0.301628	0.663076
0.289803	0.663076
0.254454	0.663076
0.236320	0.663076
0.289726	0.663076
0.227063	0.663076
0.287957	0.663076
0.245504	0.663076
0.253627	0.663076
0.280881	0.663076
0.243477	0.663076
0.339224	0.663076
0.261731	0.663076
0.257873	0.663076
0.271960	0.663076
0.260431	0.663076
0.229470	0.663076
0.325504	0.663076
0.286605	0.663076
0.267622	0.663076
0.267850	0.663076
0.225835	0.663076
0.261368	0.663076
0.281062	0.663076
0.296506	0.663076
0.236461	0.663076
0.315859	0.666056
0.334088	0.666056
0.304116	0.666152
0.260377	0.666152
0.273590	0.666152
0.269161	0.666152
0.277803	0.666152
0.252775	0.666152
0.198747	0.666152
0.248910	0.666152
0.269704	0.666152
0.248443	0.666152
0.224844	0.666152
0.239518	0.666152
0.248809	0.666152
0.258987	0.666152
0.337114	0.666152
0.306804	0.666152
0.265925	0.666152
0.247676	0.666152
0.265033	0.666152
0.259394	0.666152
0.309766	0.666152
0.275330	0.666152
0.277029	0.666152
0.317090	0.666218
0.247936	0.666218
0.216706	0.666218
0.237009	0.666218
0.228003	0.666218
0.246784	0.666218
0.269668	0.666218
0.272687	0.666218
0.276704	0.666218
0.259824	0.666218
0.285989	0.666218
0.256572	0.666218
0.297877	0.666218
0.267579	0.666218
0.291754	0.666356
0.307026	0.666356
0.261681	0.776778
0.248380	0.776778
0.272633	0.776778
0.243698	0.776778
0.268454	0.776778
0.204052	0.776778
0.198920	0.776778
0.213638	0.776778
0.252799	0.776778
0.288436	0.887944
0.335021	0.887944
0.359926	0.887944
0.322904	0.887944
0.353862	0.887944
0.265135	0.887944
0.285569	0.887944
0.321214	0.980023
0.298755	0.980023
0.374747	0.980023
0.337244	0.980023
0.364344	0.980023
0.375666	0.991474
0.333535	0.991474
0.412928	0.991474
0.386915	0.998513
0.300316	0.998513
0.293498	0.998513
0.380065	0.998513
0.371897	0.998513
0.445863	0.998513
0.357151	0.998513
0.302387	0.998513
0.353560	0.998513
0.302219	0.998513
0.378172	0.998513
0.410019	0.998513
0.346294	0.998513
0.366302	0.998513
0.442389	0.998513
0.342772	0.999134
0.403099	0.999134
0.492666	0.999144
0.335283	0.999188
0.372916	0.999188
0.377202	0.999188
0.330707	0.999188
0.239899	0.999188
0.358341	0.999188
0.323587	0.999188
0.324006	0.999188
0.292054	0.999188
0.392337	0.999188
0.405662	0.999188
0.354454	0.999188
0.327157	0.999188
0.454893	0.999940
0.295717	0.999940
0.349062	0.999940
0.415434	0.999940
0.344069	0.999940
0.444697	0.999940
0.430122	0.999940
0.352036	0.999940
0.337965	0.999940
0.372188	0.999940
0.345394	0.999940
0.355755	0.999940
0.411385	0.999940
0.349855	0.999940
0.381237	0.999940
0.364998	0.999940
0.435798	0.999940
0.326445	0.999940
0.368837	0.999940
0.353497	0.999940
0.387144	0.999940
0.253209	0.999940
0.316334	0.999965
0.359336	0.999965
0.433871	0.999965
0.389208	0.999965
0.376074	0.999965
0.351398	0.999965
0.344210	0.999965
0.328686	0.999965
0.315066	0.999965
0.410908	0.999965
0.352940	0.999965
0.423219	0.999965
0.338253	0.999965
0.341227	0.999965
0.350319	0.999965
0.465161	0.999965
0.413474	0.999965
0.379331	0.999965
0.421657	0.999965
0.435930	0.999965
0.399462	0.999965
0.466443	0.999965
0.422932	0.999965
0.388065	0.999965
0.408983	0.999965
0.358239	0.999965
0.508490	0.999965
0.342682	0.999965
0.390165	0.999965
0.394637	0.999965
0.386750	0.999965
0.415024	0.999965
0.402697	0.999965
0.327450	0.999965
0.279462	0.999965
0.336258	0.999965
0.434985	0.999965
0.377912	0.999965
0.436250	0.999965
0.345993	0.999965
0.401512	0.999965
0.345577	0.999965
0.327179	0.999965
0.291568	0.999965
0.333332	0.999965
0.290507	0.999965
0.319182	0.999965
0.350846	0.999965
0.393770	0.999965
0.403790	0.999965
0.365500	0.999965
0.396716	0.999965
0.414841	0.999965
0.316744	0.999965
0.411240	0.999965
0.335562	0.999965
0.332354	0.999965
0.339830	0.999965
0.317682	0.999965
0.395559	0.999965
0.414727	0.999965
0.329103	0.999965
0.352600	0.999965
0.379264	0.999965
0.431928	0.999965
0.345720	0.999965
0.377519	0.999965
0.326812	0.999965
0.367859	0.999965
0.380679	0.999965
0.433952	0.999965
0.395562	0.999965
0.389103	0.999965
0.320489	0.999965
0.389249	0.999965
0.332989	0.999965
0.369796	0.999965
0.309978	0.999965
0.308664	0.999965
0.455825	0.999965
0.392364	0.999965
0.395144	0.999965
0.451800	0.999965
0.348057	0.999965
0.372582	0.999965
0.446169	0.999965
0.412726	0.999965
0.435647	0.999965
0.428306	0.999965
